# create a vector using the c() function
a <- c(98, 99, 100)
a
# [1]  98  99 100

# create a vector from a range of integers
r <- (1:10)
r
# [1]  1  2  3  4  5  6  7  8  9 10

r[5:10]
r
# [1]  5  6  7  8  9 10
    
# add a new item to the end of a vector
a[4] <- 101
a
# [1]  98  99 100 101
